 <pre>

 Contingency table for Cloud base (m)
 Selection: ALL    650 stations
Period: 20220501-20220520
Used {00,03,...,21} + 00 01 ... 09
 Limits    70.0000000       150.000000       300.000000       600.000000       1000.00000       1500.00000       2500.00000       5000.00000    
 Each class is data <= limit, the very last > last limit
 Total number of values      557886
                                                       OBSERVATION
                                   3036     1454      821      498      339      175      372      531     1193 |      8419
                                    673     1435     1753      726      342      174      131      144      281 |      5659
                                    389     1534     4333     2949     1146      474      283      266      334 |     11708
                                    329      760     4732     9509     5132     1488      820      527      526 |     23823
                    MNWC_preop      298      444     1980     5653    11262     4850     1971     1025      828 |     28311
                                    340      510     1488     3288     9588    16912    10174     2806     2492 |     47598
                                    353      545     1213     2913     7625    12316    33619    10406     6112 |     75102
                                    161      202      678     1240     2969     3770    10621    14133     1748 |     35522
                                   1460     1341     3650     9718    22630    29100    54507    47871   151467 |    321744

                    SUM            7039     8225    20648    36494    61033    69259   112498    77709   164981 |    557886
                                                       OBSERVATION
                                   2804     1292      723      404      296      112      224      410      821 |      7086
                                    612     1339     1439      622      268      103       91      105      194 |      4773
                                    380     1439     3997     2612      938      318      168      214      224 |     10290
                                    337      856     5188    10012     5455     1421      711      498      516 |     24994
                     MNWC_prod      337      522     2194     6191    13536     6204     2284     1185     1090 |     33543
                                    383      592     1675     3459     9792    19961    12736     3441     3472 |     55511
                                    446      639     1383     3145     8031    12716    38630    13226     7898 |     86114
                                    186      220      637     1227     2973     3744    11199    16773     2169 |     39128
                                   1554     1326     3412     8822    19744    24680    46455    41857   148597 |    296447

                    SUM            7039     8225    20648    36494    61033    69259   112498    77709   164981 |    557886
                                                       OBSERVATION
                                   3188     1609      938      475      361      202      369      553     1117 |      8812
                                    620     1515     1722      720      324      177      164      154      287 |      5683
                                    348     1480     4258     2796     1078      473      320      252      335 |     11340
                                    303      782     5141    10471     5763     1662      878      647      658 |     26305
                     MEPS_prod      320      434     2122     6125    13948     6563     2715     1373     1239 |     34839
                                    383      506     1530     3426     9782    20134    13626     3714     3701 |     56802
                                    310      490     1159     2886     7648    11935    37979    13409     8154 |     83970
                                    165      181      589     1137     2808     3403    10439    16563     2198 |     37483
                                   1402     1228     3189     8458    19321    24710    46008    41044   147292 |    292652

                    SUM            7039     8225    20648    36494    61033    69259   112498    77709   164981 |    557886

