 <pre>

 Contingency table for Low clouds (octas)
 Selection: ALL    631 stations
Period: 20220501-20220520
Used {00,03,...,21} + 00 01 ... 09
 Limits    1.00000000       2.00000000       3.00000000       4.00000000       5.00000000       6.00000000       7.00000000    
 Each class is data <= limit, the very last > last limit
 Total number of values      581258
                                              OBSERVATION
                                 277037    19643    14980    10517    10780     9576    14481    17093 |    374107
                                   7886     1644     1710     1272     1547     1504     2436     2799 |     20798
                                   5284     1245     1391     1099     1141     1253     2012     2229 |     15654
                    MNWC_preop     4312     1097     1237     1031     1153     1108     1954     2110 |     14002
                                   3850      995     1189      934     1117     1144     2019     2223 |     13471
                                   3923     1100     1170      930     1151     1199     2336     2610 |     14419
                                   4805     1294     1498     1232     1541     1557     3246     4286 |     19459
                                  14409     5637     6359     5209     6968     8190    19889    42687 |    109348

                    SUM          321506    32655    29534    22224    25398    25531    48373    76037 |    581258
                                              OBSERVATION
                                 258684    16019    11769     8052     8225     7099    10106    12358 |    332312
                                  13203     2357     2234     1697     1817     1744     2830     3295 |     29177
                                   9488     1807     1768     1351     1564     1567     2398     2798 |     22741
                     MNWC_prod     7763     1654     1793     1364     1469     1524     2508     2945 |     21020
                                   6314     1582     1713     1347     1589     1530     2671     3011 |     19757
                                   6120     1685     1795     1500     1735     1665     3178     3570 |     21248
                                   6845     1956     2167     1737     2162     2313     4602     5716 |     27498
                                  13089     5595     6295     5176     6837     8089    20080    42344 |    107505

                    SUM          321506    32655    29534    22224    25398    25531    48373    76037 |    581258
                                              OBSERVATION
                                 252506    15525    11238     7612     7651     6697     9326    10980 |    321535
                                  14412     2446     2296     1782     1771     1866     2773     3132 |     30478
                                  10093     1912     1875     1473     1657     1569     2506     2758 |     23843
                     MEPS_prod     8490     1721     1788     1395     1631     1616     2611     2913 |     22165
                                   7103     1628     1789     1432     1612     1594     2790     2924 |     20872
                                   6354     1680     1727     1440     1741     1704     3158     3575 |     21379
                                   7426     1970     2287     1868     2201     2336     4669     5873 |     28630
                                  15122     5773     6534     5222     7134     8149    20540    43882 |    112356

                    SUM          321506    32655    29534    22224    25398    25531    48373    76037 |    581258

