 <pre>

 Contingency table for Cloud cover (octas)
 Selection: ALL    404 stations
Period: 20220501-20220520
Used {00,03,...,21} + 00 01 ... 09
 Limits   0.500000000       1.50000000       2.50000000       3.50000000       4.50000000       5.50000000       6.50000000       7.50000000    
 Each class is data <= limit, the very last > last limit
 Total number of values      375905
                                                       OBSERVATION
                                  37140    10083     8827     5548     3646     4048     4504     4330     6052 |     84178
                                   5279     1917     2243     1902     1417     2031     2439     2652     4010 |     23890
                                   3165     1190     1451     1311     1082     1371     1887     2225     3246 |     16928
                                   2657      971     1172     1159      995     1321     1879     2162     3089 |     15405
                    MNWC_preop     2370      911      956     1119      916     1293     1914     2428     3479 |     15386
                                   2151      813     1034     1031      818     1328     2028     2592     4216 |     16011
                                   2380      954     1015     1162     1046     1369     2479     3499     5776 |     19680
                                   3176     1250     1352     1523     1313     2045     3669     5951    10572 |     30851
                                   6818     3329     3067     3517     3099     5813    12319    31481    84133 |    153576

                    SUM           65136    21418    21117    18272    14332    20619    33118    57320   124573 |    375905
                                                       OBSERVATION
                                  33838     8637     7005     4073     2614     2659     2678     2462     3416 |     67382
                                   6765     2286     2694     2183     1421     1924     2324     2322     3220 |     25139
                                   3817     1408     1720     1428     1149     1567     1847     2178     2858 |     17972
                                   3078     1167     1370     1275     1093     1347     1909     2109     3070 |     16418
                     MNWC_prod     2776     1043     1253     1338     1102     1488     2066     2509     3660 |     17235
                                   2452     1034     1136     1292     1068     1589     2350     2942     4423 |     18286
                                   2661     1082     1251     1359     1257     1803     2978     3971     6508 |     22870
                                   3441     1497     1629     1768     1500     2387     4408     6771    11742 |     35143
                                   6308     3264     3059     3556     3128     5855    12558    32056    85676 |    155460

                    SUM           65136    21418    21117    18272    14332    20619    33118    57320   124573 |    375905
                                                       OBSERVATION
                                  31891     8111     6600     3790     2427     2434     2619     2325     3242 |     63439
                                   6738     2332     2603     2076     1399     1898     2249     2265     3072 |     24632
                                   3911     1411     1738     1432     1127     1564     1829     2097     2923 |     18032
                                   3152     1153     1390     1267     1052     1408     1870     2132     3088 |     16512
                     MEPS_prod     2845     1156     1287     1370     1061     1528     2044     2417     3656 |     17364
                                   2678     1104     1240     1360     1111     1497     2434     2891     4427 |     18742
                                   2903     1087     1239     1407     1271     1720     2805     3913     6180 |     22525
                                   3834     1513     1709     1762     1563     2468     4480     6818    11818 |     35965
                                   7184     3551     3311     3808     3321     6102    12788    32462    86167 |    158694

                    SUM           65136    21418    21117    18272    14332    20619    33118    57320   124573 |    375905

